NAc: 0.52
NAo: 0.95
Nc: 49.0
Nx: 32.0
Ny: 32.0
Nz: 70.0
dn: 0.03323155211758776
dx: 0.15681666666666666
dy: 0.15681666666666666
dz: 0.2
eps_tv: 1.0e-05
lambda0: 0.65
lambdaM: 0.48872180451127817
lambda_tv: 0.1
learningrate: 1
