NAc: 0.2
NAo: 0.3
Nc: 81.0
Nx: 64.0
Ny: 64.0
Nz: 20.0
dn: 0.10440000000000005
dx: 0.7426825396825396
dy: 0.7426825396825396
dz: 1.5075
eps_tv: 1.0e-10
lambda0: 0.65
lambdaM: 0.48872180451127817
lambda_tv: 0.5
learningrate: 0.001
shiftIcX: 0.42
shiftIcY: 0.75
