NAc: 0.2
NAo: 0.5
Nc: 29.0
Nx: 32.0
Ny: 32.0
Nz: 37.0
dn: 0.07
dx: 0.31364166666666665
dy: 0.31364166666666665
dz: 0.8
eps_tv: 1.0e-10
lambda0: 0.65
lambdaM: 0.48872180451127817
lambda_tv: 0.5
learningrate: 0.001
shiftIcX: 1.0
shiftIcY: 1.0
