NAc: 0.52
NAo: 0.95
Nc: 148.0
Nx: 50.0
Ny: 50.0
Nz: 50.0
dn: 0.04
dx: 0.15681666666666666
dy: 0.15681666666666666
dz: 0.2
eps_tv: 1.0e-06
lambda0: 0.65
lambdaM: 0.48872180451127817
lambda_tv: 0.01
learningrate: 1.0000000000000006e-10
shiftIcX: 0.75
shiftIcY: -0.75
