NAc: 0.3
NAo: 0.5
Nc: 88.0
Nx: 32.0
Ny: 32.0
Nz: 37.0
dn: 0.05
dx: 0.31364166666666665
dy: 0.31364166666666665
dz: 0.8
eps_tv: 1.0e-10
lambda0: 0.65
lambdaM: 0.48872180451127817
lambda_tv: 0.01
learningrate: 0.001
shiftIcX: 0.75
shiftIcY: -0.75
