NAc: 0.3
NAo: 0.5
Nc: 45.0
Nx: 64.0
Ny: 64.0
Nz: 70.0
dn: 0.02
dx: 0.50539306640625
dy: 0.50539306640625
dz: 1.0
eps_tv: 1.0e-10
lambda0: 0.65
lambdaM: 0.48872180451127817
lambda_tv: 10
learningrate: 0.0001
shiftIcX: 0.42
shiftIcY: 0.72
