NAc: 0.3
NAo: 0.95
Nc: 60.0
Nx: 50.0
Ny: 50.0
Nz: 50.0
dn: 0.05
dx: 0.15681666666666666
dy: 0.15681666666666666
dz: 0.2
eps_tv: 1.0e-10
lambda0: 0.65
lambdaM: 0.48872180451127817
lambda_tv: 0.01
learningrate: 0.0001
shiftIcX: 0.75
shiftIcY: -0.75
