NAc: 0.52
NAo: 0.95
Nc: 197.0
Nx: 64.0
Ny: 64.0
Nz: 70.0
dn: 0.10440000000000005
dx: 0.15681666666666666
dy: 0.15681666666666666
dz: 0.2
eps_tv: 1.0
lambda0: 0.65
lambdaM: 0.48872180451127817
lambda_tv: 0.1
learningrate: 0.001
